topic_1,topic_2,topic_3,topic_4,topic_5,topic_6,topic_7,topic_8,topic_9,topic_10
0.4096007779682373,0.012500240311497088,0.012506280911286381,0.012502075927942474,0.4903841637562896,0.012502945815428717,0.012500199654534664,0.01250056730130918,0.012501891730985664,0.012500856622488907
0.01667098968223956,0.016667603211965896,0.016666781781425288,0.0166668573064633,0.01666667430047669,0.8499915045051006,0.01666668011230848,0.016669323969816026,0.016666909027185352,0.016666676103018734
0.014287839189379748,0.8714083130984084,0.014287867151932577,0.014287889426565618,0.014289677145994193,0.014286811717520024,0.014289278002993532,0.01428573028443053,0.014286248881796738,0.014290345100978664
0.012501920528653747,0.012501646519986831,0.012500003581784673,0.01250253102488699,0.012502247173007235,0.012500050230170772,0.012500015317961426,0.01250205422880228,0.8874895252647287,0.012500006130017297
0.016669771484786933,0.016667891068748397,0.016672816084682275,0.01667032811077436,0.016667482434274242,0.016666684664938078,0.016666999305583883,0.01667298349121068,0.849976495859839,0.016668547495161966
0.020003735207235036,0.020001839024788793,0.8199875016149788,0.020000287274346485,0.02000001504184,0.0200000209098694,0.020000009109321967,0.020000018255852892,0.02000654853661543,0.020000025025151327
0.011111958300101529,0.011117077831515021,0.011112257723971144,0.0111113212241148,0.011111695130831548,0.011111837666261504,0.011111956562877274,0.8999892479079256,0.011111384601003438,0.011111263051397927
0.012501643524919899,0.012502811926910799,0.887486122145782,0.012500010874432784,0.012504786548407814,0.012501538869220102,0.012500802049990017,0.012500926102776495,0.012501199871102264,0.012500158086457788
0.012505649955442335,0.012501859202183111,0.012501113087215385,0.012500035276339236,0.012500158050371881,0.8874911510520136,0.012500010137680958,0.012500006654170318,0.01250000853710743,0.01250000804747581
0.007143362329754396,0.0071435784765660456,0.0071428882980174345,0.007143041741634518,0.9357113875894087,0.007143103453012736,0.007142890580320797,0.007143228809845579,0.007142861116961651,0.007143657604478192
0.010002012873073656,0.010002196923353333,0.010005333743619022,0.010000365886363426,0.010001045161251889,0.010000646392254075,0.01000005640083813,0.01000212051350231,0.01000387103941181,0.9099823510663323
0.025000020846149905,0.02500012075381321,0.025000488237901193,0.27469814248817737,0.025000008514327945,0.025000005460514504,0.025000008625772025,0.02500000659538618,0.5253011888360435,0.02500000964191419
0.01666667171469873,0.016667481079508946,0.01666672182941529,0.8499979172250424,0.016666686001499037,0.016666672310118022,0.01666699717923799,0.01666710955122616,0.01666667717902448,0.0166670659302291
0.033333900449110394,0.033333347033069075,0.033333346227317845,0.03333406348216289,0.6999864985339972,0.03334119648866911,0.03333752669862824,0.03333337035461402,0.03333335794540432,0.03333339278702692
0.8199881565184617,0.02000755305864278,0.020001509613524607,0.020000015104608984,0.020000098190602583,0.02000000981267076,0.020000161484461418,0.02000147345143058,0.020000380122985866,0.02000064264261078
0.020002509760217318,0.020000096953689536,0.8199813080769214,0.02000118910672836,0.020008489585539684,0.020000763172745822,0.020000005506699035,0.020003284866384367,0.02000000743813734,0.020002345532937112
0.01428608944059721,0.014287216831491853,0.014288631942458814,0.8714132973394655,0.014286894000443043,0.014285729190323303,0.014285724282272127,0.014286772104481349,0.01429391449675618,0.014285730371710702
0.010004189673901997,0.010001181476805026,0.010000039812508951,0.010000919180951048,0.01000000906268206,0.9099906243460557,0.010000349601343222,0.010001540732928475,0.010000073218106996,0.010001072894716337
0.014286358047426203,0.014286008968642589,0.014286043133063855,0.014286553597862958,0.8714258494922683,0.014285716804714245,0.014285720867483946,0.014286124213839761,0.01428590730710023,0.014285717567597934
0.025009279928609275,0.025004498717531225,0.02500000439325145,0.02500001452471354,0.0250000220801831,0.02500102696447608,0.025000398991757856,0.0250000198680776,0.025000009525041673,0.7749847250063582
0.01666756190586815,0.8499945691351155,0.016668253354915164,0.016666679070342763,0.016667764927947727,0.016667916982835616,0.016666675698503237,0.01666695000694607,0.01666673113830518,0.01666689777922047
0.012501583399954812,0.012504076940278273,0.01250354884292414,0.01250000782762837,0.012502186459951147,0.012500702218991595,0.012500010375164461,0.8874869202687524,0.012500513102673399,0.012500450563681563
0.05000001578157985,0.05000682584363947,0.05000002953546944,0.05000003395265883,0.05000002155301015,0.05000003120912274,0.05000002796317958,0.05000012868821366,0.050000033958348,0.5499928515147783
0.5179101642644104,0.02500253243659012,0.025004154642573995,0.02500001233635999,0.025000014851156063,0.02500198031607125,0.025000028520885915,0.025002987701884836,0.28207632190136744,0.025001803028700132
0.02500178319498517,0.7749903218453996,0.02500000805219576,0.025000012531208156,0.025002734859775572,0.025004398763215065,0.02500048078495776,0.025000013067858616,0.02500001276013794,0.025000234140266458
0.8499845045969467,0.016667446456181328,0.016668967098546393,0.016671171514876102,0.016667177049168095,0.016668891997763724,0.016668966804681367,0.016668259519039733,0.01666754356420113,0.016667071398595454
0.007693286862332496,0.9307646349358358,0.007693045947044424,0.007692370939797114,0.007692382905240169,0.00769261634782492,0.007692427956817218,0.0076927893782033005,0.007694132687501494,0.0076923120394030995
0.025000013548127496,0.1837245950524894,0.39095347357068716,0.025000014877429186,0.025000612501498043,0.02500010073165698,0.2503155520392052,0.025003498271207184,0.025002111933183815,0.02500002747451549
0.025000965288128094,0.025014188747996317,0.025000106624632982,0.025000018980300114,0.02500008634548716,0.7749587996670456,0.025000021366360557,0.025006240860951583,0.025014621982316205,0.02500495013678139
0.016676684429492113,0.01666711040667101,0.01666749793085066,0.01667142834870241,0.016670283716885708,0.016666677614434532,0.01666667726955909,0.016666678384726036,0.016666679491085728,0.8499802824075927
0.011113573121412468,0.7667949822340762,0.01111512543365681,0.011115004067609813,0.011113412143874683,0.14429957713106253,0.011111931296000346,0.011113968753776427,0.011111216517658675,0.011111209300872029
0.016669930739938665,0.016672887025544477,0.849985091777618,0.016668655755448583,0.016666678231580523,0.01666887380544511,0.016666683821215805,0.01666668141806434,0.01666780256310004,0.016666714862044338
0.025013329738743754,0.025009174489690107,0.02500243209358096,0.02500013877188851,0.025000080087038246,0.7749729744568483,0.025000005279524288,0.02500004736111515,0.025001812559144035,0.025000005162426543
0.8499822339296494,0.01667580480364865,0.016670622094569383,0.016666878242025056,0.016667180176183155,0.01666860835925758,0.016666687677151862,0.0166675456506341,0.01666771783427452,0.01666672123260639
0.011112056454515672,0.8999901509681302,0.011111544841219586,0.011113556139774734,0.011112408762933167,0.011111329938991782,0.011111134662919742,0.011111749251047728,0.011114730351241867,0.01111133862922544
0.011112272845669876,0.8999905256605913,0.011111889332822762,0.011111117042392267,0.011111781390576706,0.011113698091152799,0.01111113435898846,0.01111122292491502,0.011115149457505887,0.01111120889538478
0.02000001237302099,0.020001414938308478,0.020001782333643484,0.02000340015674664,0.020000866398817575,0.020000141102791958,0.02000001473519331,0.819984843321735,0.02000049690336667,0.02000702773637585
0.2969278634278087,0.014287587138261833,0.014285721667187501,0.014285723645570255,0.014287607530905626,0.014287855850885298,0.01428589767757206,0.0142874845784926,0.5887785350962846,0.014285723387031515
0.011111183019791387,0.011111413647313221,0.011115305885191572,0.011111116380580564,0.011111116433680995,0.011111329033863549,0.011111190488979638,0.011112901479032267,0.8999920494704832,0.011112394161083502
0.010000315819864436,0.9099927916577547,0.010000706024563513,0.010000265833306057,0.01000166468714919,0.010000005321002054,0.010000018104748307,0.010000739219870967,0.010003275547188188,0.010000217784552679
0.010000934490109128,0.010001695123773842,0.010007667428986898,0.9099820180396908,0.010001633419955885,0.010001610359463248,0.010001444098637336,0.010000755903978252,0.010001165228337522,0.010001075907067329
0.01111197719530061,0.011114446731644542,0.011111995963241469,0.011112115356248725,0.011111432501867914,0.011112241348523684,0.011112624145050091,0.01111201334533242,0.8999897880529092,0.011111365359881472
0.011113489543550896,0.537996601035792,0.011112081005749728,0.011112581785949599,0.011111569651372806,0.01111145718407954,0.011111183089279183,0.011111618962503442,0.3731074042987495,0.011112013442973486
0.014287135282418637,0.014287044216925098,0.014285856171587964,0.01428571951526662,0.014285718710964847,0.014286280959058376,0.0142858475270024,0.014287033451078296,0.8714236446837321,0.014285719481965619
0.08636665260382372,0.010003683224271021,0.010001592355788232,0.010000010036114226,0.010000070819850295,0.010001049892570545,0.010000009640500783,0.010006467595501342,0.8336158038714034,0.010004659960176382
0.01250522198503477,0.5287927887428384,0.01250405237838037,0.01250143793048522,0.012502223508513717,0.012504196661959855,0.012505977293563326,0.012505759604716534,0.012501887019155661,0.3711764548753521
0.01428775384932252,0.014290128139518785,0.8714203002219394,0.014285953600049259,0.014285783861649309,0.014286548684363957,0.014285717690351654,0.01428610835173281,0.014285900309948541,0.014285805291123728
0.014291145522685508,0.014288748179997103,0.014288566521384698,0.014286292812450273,0.01428809371601982,0.8714100501480719,0.014285724088098598,0.014289809004481962,0.014285846669006586,0.014285723337803658
0.012502722524546596,0.8874937055130341,0.012501988142400727,0.012500133192186697,0.012500007134385883,0.01250036522727866,0.012500169972865365,0.012500073704260789,0.01250072372961031,0.012500110859430856
0.009095679303465153,0.00909256636857084,0.9181701310492775,0.009090983331000283,0.0090911104590565,0.009091470835889244,0.009090916643139152,0.009091773054313091,0.009094078699256177,0.009091290256031974
0.007143081289802621,0.8774763219663114,0.007146539026714313,0.06537557157917487,0.007142877109801219,0.007142977215383237,0.007142862661406569,0.007143848969793979,0.00714301942925304,0.007142900752358729
0.007143362205886268,0.007145862428835764,0.9357042803302176,0.007146849349213022,0.0071428758979901015,0.007142882381371226,0.007142862675442418,0.007144618735260571,0.007143068154463553,0.0071433378413195735
0.7749914446753866,0.02500241580486256,0.025001198905099088,0.025002311773019432,0.02500002744658895,0.025000708868861448,0.025001435524547477,0.025000021534456084,0.025000126719296807,0.025000308747881513
0.01666842460428438,0.016672372192307713,0.45295811843160044,0.01666784000707429,0.016666824087666135,0.01667651449219769,0.01667016610798061,0.4136826904785123,0.016667395245165563,0.016669654353210862
0.016668995911126458,0.8499955985250757,0.016666669772361926,0.01666684660331355,0.016666677941563204,0.016667710752624722,0.016667007773103648,0.016667101044939035,0.016666723051119558,0.01666666862477234
0.014287988018005958,0.44477256380681807,0.014285721781881873,0.4409375032238887,0.01428629323303455,0.01428622622006859,0.014285722778626043,0.014286451906729943,0.014285804133476413,0.014285724897469912
0.014293079840074736,0.871405346557266,0.014291628799684243,0.014287097411014272,0.014285724567592773,0.014293868446076479,0.014285720879785201,0.014286089997071772,0.014285720059438232,0.014285723441996374
0.05000630235697456,0.05000001019200732,0.05000001248328468,0.05000001922898162,0.05000371203264245,0.050000022969609766,0.050000015264919075,0.05000007812412518,0.05000001305497354,0.5499898142924818
0.014286462788621784,0.014289405531345428,0.014287436183535797,0.014285758478235704,0.01428774220671098,0.014285719076834735,0.014285718647728783,0.014285980781850205,0.01428572310095017,0.8714200532041864
0.01666673127951632,0.016666911984312357,0.01666900869955323,0.016672505051061992,0.016667736310970356,0.016666675553486072,0.016666673765680363,0.016666674106580022,0.8499877526623871,0.016669330586452112
0.7282843529034256,0.01666952450027016,0.016666672830936306,0.016666675293232725,0.13837848303294603,0.01666698492544668,0.016667051126556035,0.0166667751485516,0.01666680510760947,0.016666675131025488
0.03333346664262554,0.36677375995268807,0.033334205208322615,0.033335263108666496,0.0333333567354514,0.033333368788270326,0.03333334546622448,0.033338280302224466,0.36655158132662424,0.0333333724689024
0.01428738497421469,0.014285724054858638,0.014289281811173095,0.01428572581237574,0.014285730081264932,0.014285868771024654,0.014285913212030633,0.3164754670751342,0.5692331759217625,0.014285728286160988
0.010000185027798451,0.010000020783681536,0.010000273564491128,0.010000002998233145,0.010000406599710493,0.01000087252544929,0.010000412143436822,0.010000433260842158,0.9099973566735979,0.010000036422758986
0.020000008646838867,0.02000464962786608,0.020000007609102245,0.02000000967027002,0.020001685357073813,0.02001359901265284,0.020000415113113904,0.020000199999341734,0.8199794124071893,0.020000012556551157
0.0250047067249913,0.02500000656832056,0.025003088981255507,0.025000015150508526,0.025000013333275457,0.02500000808513805,0.025000450106421688,0.02500004240328645,0.7749916584335156,0.025000010213286905
0.01428572019268607,0.014285718744277994,0.014285841245883852,0.014287267120695864,0.014285724641392885,0.014287809038054506,0.014287149421833402,0.014287632727560524,0.8714214110693509,0.014285725798264
0.010000508289289568,0.010001883966517725,0.0100008014439782,0.010000050197249418,0.010000009785217132,0.010000535813542788,0.739467776020661,0.010000075924413382,0.18052834802795265,0.010000010531178063
0.016666678575349297,0.01666774322535816,0.01667169545024496,0.016668033710490554,0.18136542637642383,0.26527979464039403,0.016667041454359606,0.016672880715653357,0.436672718162461,0.01666798768926519
0.020001282101663204,0.020000004758159707,0.020000003621234996,0.020000005493595274,0.020001522618127782,0.0200033186549724,0.020000289369222542,0.020001386476879015,0.81999218172922,0.020000005176925233
0.012501443033452188,0.01250196473952723,0.012500152232950507,0.012500497803480094,0.01250000645514432,0.01250020517789639,0.012500092202765045,0.012500018381983197,0.8874954415272945,0.012500178445506514
0.033333352297920296,0.03334428931168331,0.033333354487613605,0.033333371031190835,0.033333360539284713,0.03333336322966912,0.03334667111971462,0.6999754818347874,0.033333363916583446,0.03333339223155275
0.025001444559643492,0.025000004406290566,0.7749963620283944,0.025000005394012263,0.025000009909733084,0.02500000621281784,0.0250003448742904,0.025001806059732318,0.02500000558041764,0.025000010974667922
0.02500027927872261,0.025000650600307085,0.025000005761975818,0.025001076894021694,0.7749953300982418,0.025000010763553432,0.025001019935786715,0.02500160667059236,0.02500000884211119,0.02500001115468728
0.02000036017382862,0.02000002063867491,0.8199894896278871,0.0200025229796821,0.020000025704446752,0.020002930422511868,0.020000010073694938,0.02000005013983796,0.020004316032366316,0.020000274207069357
0.2748658993994008,0.025009365623151075,0.025000027783363098,0.52511743255297,0.025001902140118257,0.02500278072966582,0.025000017771282912,0.025002095371682326,0.0250004580289643,0.025000020599401346
0.005883912615382885,0.5620005476348083,0.0058843730652757215,0.005882589702107518,0.005882501643100328,0.005882686733729104,0.3909333856677807,0.005882693472667298,0.0058826826424360915,0.005884626822711934
0.009091972110116,0.4491859202962174,0.009093629676751454,0.009091888280688664,0.009091610557646786,0.00909167051672331,0.009091919889809966,0.478077202768648,0.009091215928742624,0.00909296997465582
0.005264093048987316,0.952625778710728,0.005263974715889409,0.005263342238297411,0.005263452585293818,0.005263252611005952,0.005263711935277559,0.005264189191473554,0.005264816819086696,0.005263388143960397
0.1364079221726555,0.7635876407967351,0.01250057284195717,0.012500009430955467,0.012500008789834387,0.012500957737958427,0.012500005968266814,0.012501957939213073,0.012500554332275952,0.012500369990148141
0.01000308763710697,0.3729356565361435,0.010002156559271315,0.01000078079227063,0.010000635724285932,0.010001317150405089,0.010001789173536408,0.010001152880284721,0.5470529259097365,0.010000497636958861
0.5784391600368284,0.3815585797080277,0.005000025749993663,0.0050001837339697375,0.005000463571635675,0.005000681431515898,0.005000003471835629,0.005000379371758243,0.005000307190556579,0.005000215733878531
0.8714236408877523,0.014286406982805238,0.01428599051585523,0.014286455129276657,0.01428722365479322,0.014286639082975085,0.014285718550234396,0.014285917484164766,0.014285787348057686,0.014286220364085325
0.020004583337886125,0.8199852909520657,0.02000001967262583,0.020000005680471437,0.0200000370458634,0.020003304011792428,0.020000003161524737,0.020005803613282646,0.02000008787998404,0.020000864644503503
0.009093525383448596,0.009091545511303025,0.009091027574283456,0.009092845508821227,0.009091332894641356,0.9181759010622351,0.009090915380163827,0.009091069725065577,0.009090915705263308,0.009090921254774339
0.006252628408968573,0.9437450327052112,0.006250029936738987,0.006250141329718183,0.006250408124111657,0.006250903459547928,0.006250003098729677,0.006250489814899072,0.006250057212744168,0.0062503059093305755
0.007143879586214615,0.007143551593467694,0.007143845634667728,0.0071436931384737746,0.007143443956155501,0.007143290271917665,0.007142990864092459,0.935705533477342,0.0071440722783280095,0.007145699199340467
0.2864861164822858,0.006667333893557074,0.006667364842435041,0.006667090221254371,0.006667448675686053,0.006666926104581842,0.006666772655266066,0.6601741228874194,0.006667181056817948,0.00666964318069632
0.02000438728724298,0.020001268226235294,0.02000161410267323,0.8199480295593489,0.020005197345156597,0.020003524497481297,0.020000026892366893,0.020013686183640505,0.02000087800938484,0.02002138789646957
0.014285734122807975,0.01428586022690682,0.42777973391153523,0.457920063668817,0.014286454873570508,0.014292126401270509,0.014285999762830888,0.014291543572185955,0.014286337894817881,0.014286145565257107
0.008333802666308244,0.008334472133678,0.008334143181551044,0.00833350387472534,0.008333404932827023,0.00833430223134443,0.008333406775255217,0.9249931475229232,0.008334502036130809,0.008335314645256692
0.009091638195803643,0.00909572938797228,0.009091596826541516,0.0090915195285595,0.00909135874810003,0.918172790943535,0.009090912545976602,0.009091700884653933,0.009091700640833426,0.009091052298023995
0.011118819102101924,0.011112722980518632,0.01111464394841214,0.011112440421364474,0.8999821458847537,0.01111214968571894,0.011111399043918408,0.011111507713553773,0.0111124674361379,0.011111703783520048
0.007694255095702181,0.007693427534051768,0.930757802702277,0.007692315147085662,0.007693377259500962,0.0076929493052215496,0.007692674764807084,0.007693483171401246,0.007696642490012213,0.007693072529940202
0.011112029010119265,0.011113720117998974,0.8999916337236306,0.011111122698293393,0.011112738588121536,0.011112217090847738,0.011111165803434514,0.011111117056237484,0.01111210932273248,0.011112146588584232
0.218295151913076,0.02000066892249842,0.020000004968304206,0.24443521116914224,0.02000000931733115,0.02000165788488027,0.020000005384097637,0.020001248254114336,0.020000008621053667,0.397266033565502
0.6999708347501512,0.033333407824993146,0.03333334633204138,0.033333353141617394,0.033336951473285505,0.03333446011424082,0.03333334871152417,0.03333341085532231,0.03333334689960133,0.03335753989722274
0.13558801111991356,0.00909388393777778,0.7916766760682614,0.009093349518503496,0.009091098752852378,0.009092550930239668,0.009090986769061874,0.00909122914820711,0.009091175841320123,0.009091037913862579
0.011115804079340902,0.011111116495764791,0.011111116022650505,0.011115028417892012,0.8999904954593397,0.011111469277398313,0.01111111920484348,0.011111609148086145,0.011111120619069935,0.011111121275614198
0.012501225125506126,0.012501401726395266,0.012500096595762573,0.012501212808868362,0.012500012309226347,0.631659570286726,0.012500006115740873,0.268331456270441,0.01250501062532867,0.012500008136004718
0.025000012923286487,0.025000378328318924,0.025000005733777496,0.025007997294622823,0.02500001309835733,0.025000248976455645,0.025000008617793598,0.7749911780473102,0.025000008946313688,0.02500014803376372
0.05000213718741262,0.050000003425325,0.05000000603817429,0.050000003461770526,0.5499966052460683,0.05000120363941139,0.05000000955187222,0.050000004985228046,0.05000000277760694,0.05000002368713074
0.1,0.1,0.1,0.1,0.1,0.1,0.1,0.1,0.1,0.1
0.0142865481942083,0.014287726286880301,0.4968929782357586,0.014287915176820161,0.01428584000966055,0.3888112172220439,0.014285725334548452,0.014286051168715392,0.01428573881459939,0.014290259556764853
0.01666667116792714,0.016667526187501894,0.01666677101042465,0.016667081655407447,0.016666841453075648,0.8499858983194133,0.016674040579728884,0.01667154187820261,0.01666667431792872,0.016666953430389653
0.03333334655110354,0.03333335202858739,0.03333378275924732,0.03333336308161142,0.033348726844227204,0.03333587065224113,0.03333336186655711,0.03333335334151849,0.03334908911719654,0.6999657537577099
0.00833496783291959,0.00833512128928645,0.008338968336955892,0.008333424598417002,0.008333464901040265,0.008335379741440913,0.008333929158289668,0.008334813277074252,0.008333349013462388,0.9249865818511136
0.016666914494502364,0.016667866266965623,0.01667419953104128,0.016667698767277698,0.8499750018263514,0.0166768076161404,0.01666667696654486,0.016666675791603795,0.016666676549075405,0.0166714821904971
0.011111249463544729,0.011111771711423298,0.011112174130664234,0.8999800950930043,0.011111127987507127,0.011111294983607009,0.011111294621952745,0.011112815283518714,0.011118311530638402,0.01111986519413967
0.0250010686067984,0.025000014755668296,0.025003493949885457,0.774962726628615,0.02502094733261831,0.02500002448333612,0.025004201805859372,0.025002204122012633,0.02500039612618996,0.02500492218901634
0.020000260731843605,0.020000016405226362,0.020007713761894193,0.020001044268261374,0.6046947088170637,0.020001147794143685,0.020000028733473927,0.020000963041979878,0.2352939877365787,0.020000128709534548
0.014287944009075067,0.8714165473840922,0.014286592852726645,0.01428840029720511,0.014286102800137796,0.01428733735525772,0.014286032721539887,0.014286640027380077,0.014287828116107204,0.014286574436478154
0.01666699456663706,0.8499737074508598,0.016686862797959817,0.016666682661533663,0.01666967705839831,0.016669092032728035,0.016666674688715653,0.016666686554978733,0.016666950453644032,0.01666667173454503
0.016667160509430342,0.01666992582311919,0.23454255251240264,0.01667032908345588,0.016669975351357044,0.016670236262243676,0.01667039718428115,0.632105382641816,0.016667333490527084,0.01666670714136709
0.010001543193855053,0.010001110654199454,0.010003611212264955,0.010000404178195582,0.010000121439898571,0.010000007864568937,0.010000086219290808,0.010001072448299661,0.9099911925129859,0.010000850276441157
0.05000001565142789,0.05000568947845722,0.05000573446728769,0.050000025264141976,0.5499883014471229,0.050000045327410154,0.05000004642662412,0.050000042875032916,0.05000005145912475,0.05000004760337031
0.8999829362596856,0.011112479897684779,0.011114204123213775,0.011112495010508785,0.011116099240819426,0.011111459179698743,0.01111244488364751,0.011112822867927523,0.011111945323034996,0.011113113213778817
0.012500022027084855,0.01250249213097076,0.012501477138509645,0.012500003202504183,0.012500496578036351,0.012501627696744356,0.012500003914120558,0.012500392802074971,0.012500043949103494,0.8874934405608509
0.02000007817710906,0.02000672111137463,0.020018386927588686,0.020000015354434405,0.8199667833385534,0.020005954285071695,0.020000010996155247,0.02000001200600579,0.02000014811758852,0.02000188968611831
0.6159518920462093,0.009096136204464438,0.00909212407220857,0.009092600289874202,0.00909134008956721,0.009091693792645914,0.009090918483618765,0.311310041634751,0.00909233315795231,0.009090920228708171
0.014285905401580427,0.8714146707582969,0.014289188468350334,0.0142858417458347,0.014291337489108475,0.014285730780767704,0.014285729817134933,0.014286325799285774,0.014285734589568975,0.014289535150071789
0.016671073832807103,0.01666965758187845,0.016667536239034934,0.8499896766072411,0.01666693512729832,0.01666667672547066,0.016666676577689374,0.016666966887451683,0.016666680654768146,0.01666811976636013
0.012501762949012873,0.8874887225661193,0.012503127776194858,0.012500016493683241,0.012502373958661162,0.01250001782890235,0.012501154981503889,0.012502653580108478,0.012500019186755359,0.012500150679058538
0.0200017991259173,0.020000094968665196,0.020002129000438705,0.020000819947231813,0.020000769832712078,0.02000111448765408,0.8199896946207142,0.020000859400415804,0.020002418853705777,0.020000299762545054
0.016666670141147248,0.016670251298443666,0.01666669009798827,0.8499959898938677,0.01666667256202737,0.01666667590690162,0.01666673972734271,0.016666963591991345,0.01666667403741019,0.016666672742879977
0.016667180667095875,0.01666669017466395,0.016668716881773984,0.016668591514674418,0.016667735795679022,0.5681198097794943,0.016667055994333085,0.016668856258956415,0.016666673555475398,0.29853868937785344
0.016667304415469746,0.8499948433950072,0.01666709643151198,0.016666673363529148,0.016666674621984085,0.016668636032441907,0.01666738716128163,0.016666679205766154,0.016667575842926104,0.016667129530082068
0.03333334066783039,0.033333349314148775,0.6999961671923673,0.033336095445458395,0.033333362782656736,0.033333344318780524,0.03333352554426806,0.03333412028566361,0.03333334783360799,0.03333334661521808
0.02500062729553975,0.025000003304213238,0.025000002891164823,0.025000394878015305,0.7749988734824985,0.025000006106032292,0.025000006008206493,0.02500007641636352,0.02500000552031386,0.025000004097652285
0.02500036742145557,0.025000005553606056,0.02500043147074654,0.025001122393268606,0.2580997997212709,0.0250000089564898,0.025000034086612277,0.5418982114540543,0.025000011169583596,0.025000007772912527
0.05000001758009247,0.0500000157986163,0.5499904823024023,0.050000042903482166,0.05000002555063925,0.050000031321151904,0.05000909997858256,0.05000003267662082,0.05000021145504612,0.05000004043336601
0.020003299155294085,0.020003278897553177,0.02000032419548368,0.020003913902151702,0.020000043838886435,0.020003127754519835,0.02000001327421066,0.8199859727770528,0.02000001101256756,0.02000001519228002
0.014287972011760214,0.014288606479906835,0.8714162660338732,0.014286660949017099,0.014290341253440631,0.014285722826588288,0.01428572288489795,0.014287057649006195,0.014285724299819832,0.014285925611689716
0.01666736396627424,0.016667101579595826,0.016666689111269655,0.849988534816079,0.016667651348013186,0.016669273923849384,0.016666680536616185,0.01666976926682289,0.01666691981569992,0.016670015635779713
0.050000005908178685,0.050000005910226804,0.05000788788887804,0.050000008397486174,0.5499880277588386,0.050000015154318844,0.05000000937297267,0.050004008550379946,0.05000002157561016,0.05000000948311002
0.025002406628913617,0.02500721767835195,0.774974920214516,0.025001241262008686,0.025001133064181478,0.02500252854564944,0.025005463977139014,0.025002652796414553,0.02500154147618302,0.025000894356642163
0.025000294893817724,0.02500528719105312,0.02500147300304207,0.025000021424821453,0.025005300184270614,0.025010603409672212,0.02500006469294624,0.02500457976430062,0.7749723493779357,0.025000026058140286
0.050000011406878375,0.05000412837147672,0.05000001042236604,0.05000002342257563,0.05000001975518187,0.050000015153560964,0.05000001740281395,0.05000001360017122,0.05000002040117019,0.549995740063805
0.025000213460603656,0.02500000495251863,0.025000007638527583,0.025000224544469058,0.025002467150858385,0.025000098754321156,0.02500000814488706,0.025001201232263303,0.02500000583605019,0.774995768285501
0.0166726117276065,0.016667311023218653,0.016670908040043498,0.01666667836470361,0.01666686130633857,0.8499830291840965,0.016666670827435327,0.016670564895578104,0.016666673369622003,0.016668691261357258
0.033337533146426936,0.03333334830774709,0.033337900476726745,0.033333350329002705,0.6999828448537094,0.03333376684537856,0.0333333547472747,0.03333335410343893,0.033341176037940054,0.033333371152354914
0.020003220916801793,0.020000360789066952,0.020008014887154264,0.8199698285782101,0.02000151621785118,0.02000338222635646,0.02000686947475947,0.020003546443769313,0.020002065286653718,0.020001195179376922
0.10728813823676588,0.01000358977526728,0.010000253795308715,0.010001210402115398,0.8127028817947334,0.010002131363517299,0.010000012348358085,0.01000076046141695,0.010001015280043735,0.010000006542473199
0.9181775238138803,0.009093164833700302,0.009091214571064671,0.009090914984192176,0.009091491212894685,0.009091139134283924,0.009090949485132735,0.009091190393827976,0.00909149587078831,0.009090915700234917
0.01428614971405898,0.01429111429990413,0.014288568085260035,0.014286508299965051,0.014285807950692087,0.01428656779945214,0.014285718913501834,0.014286697979999855,0.8714158826915734,0.01428698426559256
0.8199887419208527,0.02000126595328846,0.020002168039152016,0.02000001357386055,0.020000824484724334,0.020000018691912265,0.020000015739790475,0.020002263889781647,0.020000012914372447,0.020004674792265188
0.02500430869660014,0.02500801121599571,0.5259644070707287,0.025000035384100276,0.02501302730787753,0.025001853260016957,0.025000550724601688,0.025002368544502284,0.27400539157689796,0.025000046218678768
0.20713094307271487,0.0250000137728886,0.5928670363881383,0.02500001113737029,0.025000009866206572,0.02500000845399057,0.025000476117758408,0.025000014682202244,0.02500000670028713,0.025001479808443066
0.14634541444268948,0.0052637688845135495,0.005264244751496953,0.005263233935758683,0.005263220761722907,0.7269500964794192,0.005263161147689416,0.08986031917091866,0.005263235189443632,0.005263305236347362
0.02000507930303869,0.8199761491775651,0.02000236095022507,0.020002851466674694,0.020002103548248096,0.020003458375997867,0.020000014536682417,0.020005980235754953,0.020001127717197434,0.02000087468861579
0.02500176991091362,0.02500001779099252,0.025002301694529393,0.025000024738211564,0.02501847526748178,0.025000538361453172,0.7749720739330951,0.025000027396428096,0.02500473953776776,0.025000031369127002
0.014287387092325597,0.8714178991655519,0.01428668206034076,0.014285721433165234,0.014285723462575456,0.014286128172669998,0.014286166196140072,0.014287966624642668,0.014290606834828485,0.014285718957759878
0.016670399312612827,0.01666708600858785,0.01666713517290831,0.016667865686893633,0.8499876994558399,0.016667484704341536,0.016671462026744292,0.01666725217742765,0.01666694364964489,0.016666671804999332
0.014286875789950066,0.8714257461711469,0.014285716276407278,0.014285718668724672,0.01428572181349885,0.014286478686349175,0.014285716898393709,0.014286385448630359,0.014285755116821671,0.014285885130077348
0.0125076216487368,0.8874892527602989,0.012500425748394375,0.012500021536795235,0.012500006723072688,0.01250055708853401,0.012500003076035162,0.012501498698647372,0.012500484346550045,0.0125001283729354
0.01428605152043197,0.014288347209206001,0.014285928704908293,0.01428601202976376,0.014285815198689218,0.014286505774270769,0.014285717105819213,0.8714239366753398,0.014285847018665388,0.014285838762905475
0.014288231435815526,0.871415441149041,0.014285727122491727,0.01428915611818395,0.014285941891990147,0.014289399150453441,0.014285720031342184,0.01428850653312909,0.014285758206263282,0.014286118361289514
0.37603807987140286,0.4239039543770185,0.025013831168672233,0.02500325376394706,0.025003482226291056,0.025007575816204882,0.02501355941701827,0.025008458100292456,0.02500424547488124,0.025003559784271615
0.8714142028952565,0.014291575088104386,0.014288142936211752,0.01428572381480147,0.014287695642653035,0.014288697660767348,0.014285977395768088,0.014286193811131345,0.01428586625789163,0.014285924497414497
0.012504025904964472,0.887492076096719,0.012500003854142202,0.012500096713120122,0.012501445424986657,0.0125019658701801,0.012500008164241056,0.01250000786473671,0.012500037289752299,0.012500332817157395
0.010003404650269552,0.010003614904648727,0.010003266022291105,0.01000015134781787,0.010001397680032333,0.9099796332166367,0.010000009674850489,0.010001748783083277,0.010000064275221945,0.010006709445148235
0.014290660218871914,0.8714213204338929,0.014285727322230764,0.0142857326392234,0.014285729932274479,0.014286463640606295,0.014285723924712307,0.014287047548138964,0.014285869042652903,0.014285725297396185
0.887491316701268,0.012500582996166602,0.012501804368587879,0.012500476740330125,0.012502062240982832,0.01250219459402588,0.01250019152324227,0.012501330861168395,0.012500030631394947,0.012500009342833062
0.009095027055807146,0.9181498049783419,0.009097109838742169,0.009094406667592439,0.009093698972995735,0.009094204354586018,0.00909636214665083,0.009093891790930602,0.009092926330527823,0.009092567863825339
0.012502934423379,0.42050660758288866,0.012502190656871285,0.012500009896904534,0.012501665954927755,0.47948619272828674,0.01250000951243895,0.012500310246327946,0.012500065369638786,0.012500013628336307
0.8199919276945078,0.020004092913917148,0.020000005723508494,0.020001324369513216,0.020000015373531316,0.020001538229497993,0.020000007330168417,0.02000085095234717,0.020000228888397503,0.020000008524610712
0.008333749063929726,0.008335371783217676,0.008334974168034867,0.00833387429009848,0.008333627741626047,0.3857409639302616,0.008333818260021166,0.5475839218189974,0.008333481936114336,0.00833621700769865
0.010002419502622166,0.6464031841669569,0.01000141476439211,0.010001002548895034,0.2735887578119969,0.010002746652639853,0.010000010717073574,0.010000142299662798,0.010000306458187403,0.010000015077573348
0.020000071876899422,0.8199965582384012,0.02000000322862498,0.020000003061849105,0.020001128725540444,0.020001382980421246,0.02000000456036205,0.02000084036297263,0.020000002966275823,0.020000003998653145
0.6657101827215779,0.2199945792377449,0.01428955893638236,0.01428720631187332,0.014286043699729164,0.014288010696721922,0.01428590101620431,0.014285954750930002,0.014286826250445467,0.01428573637839081
0.014287170276239575,0.8714033855165592,0.014304212903048369,0.014286093387464144,0.014287745740752046,0.014287984048047818,0.01428602763192288,0.01428590143578926,0.014285756616750474,0.014285722443426225
0.02000021339872294,0.8199907305936616,0.020004642844025658,0.02000027511894607,0.020000138628677736,0.020002261971841778,0.020000003606188362,0.020001377865561425,0.020000014137556876,0.02000034183481756
0.011113452375617321,0.011114565590260247,0.011112555670995372,0.899990216698101,0.011111267273451804,0.011112524364030782,0.011111130631607092,0.011111219425747993,0.011111346584828697,0.011111721385359714
0.02000094324913758,0.819992863027411,0.020000183524871613,0.02000470074962428,0.02000000886697675,0.020000165330730405,0.020000015638968856,0.020000884994598223,0.020000005917924103,0.020000228699757032
0.011111772042968008,0.8999840132665021,0.011111118356281938,0.011121762281789375,0.011111122421748509,0.011111476446503605,0.011111116188417453,0.011114545072430362,0.011111770936781904,0.011111302986576768
0.012502995243666208,0.012500673460576563,0.012502859988091615,0.8874887806709701,0.012500199761959265,0.012504191164747923,0.012500005793045684,0.01250027095585893,0.012500006520989015,0.012500016440094523
0.009091238677511333,0.009093723597550764,0.5168459563401281,0.009091239795650881,0.41041450765283694,0.009093118858479203,0.009091334772137666,0.009093097954152954,0.009091656838702717,0.009094125512849556
0.011111807288552123,0.011111786864922927,0.7358408560506203,0.011114366722237,0.17525173510418351,0.011113917680385782,0.01111202125634939,0.011119361244695258,0.011112685691688069,0.011111462096365446
0.007693651192055388,0.40335228493137026,0.5351050696532988,0.0076925433846458955,0.007692754825290942,0.007693348592498001,0.00769251069970364,0.0076923124508487045,0.007693030834295619,0.007692493435992771
0.008334067127477291,0.008333899449039167,0.924990901462197,0.008333866527835526,0.008334473229540207,0.008334657066593271,0.00833376024310553,0.008334625926361446,0.008335812180083562,0.008333936787767062
0.007143040928204055,0.007143547084569089,0.9357108141615047,0.007143861628019122,0.007143267580762419,0.007143631383622326,0.007142859404953367,0.007142941760940204,0.007143079671747457,0.007142956395677183
0.009092420830122504,0.009092310847065884,0.9181667312942113,0.009091556012638367,0.009092435931782526,0.009092696365014514,0.0090914220998802,0.0090968803812917,0.009091076662982417,0.009092469575010654
0.012501081553954737,0.31661688835013435,0.5833715719806035,0.01250164726644134,0.012500613200249464,0.01250272460710877,0.012501720271453104,0.012502585392595746,0.012500468352917198,0.012500699024541803
0.00909365641077672,0.37128206470605524,0.3202345334181957,0.009093115263043468,0.009091497811776468,0.009092257140919068,0.009091810820052084,0.24483521543798442,0.009091464526995751,0.009094384464201083
0.011114277630477723,0.8999936117888343,0.0111122114258454,0.011111446391414476,0.011111689675771474,0.011111545735415864,0.01111111560322424,0.011111375395334975,0.011111280482730473,0.011111445870951057
0.010000729641964074,0.9099948769564932,0.010000313907885439,0.010000008176904085,0.010000240899170539,0.010002263519338335,0.01000000877041344,0.010000285296599952,0.010000609221410555,0.010000663609820342
0.610483681201315,0.2895106602855105,0.012500629588726674,0.012500853954928757,0.01250040473206588,0.012501739018205081,0.012500006209156025,0.012501045034957133,0.012500890863023653,0.012500089112111305
0.014285750615365867,0.8714079790945167,0.014285740189938204,0.01429908409513657,0.014287064754588453,0.014286343658170532,0.014289160806672923,0.014286032649446312,0.014287117860020269,0.014285726276144248
0.009091521334202539,0.9181741792169092,0.009095696792504557,0.009090916702829268,0.009091615402034063,0.0090917836721746,0.009090927775149865,0.009091298470738314,0.009091042577084945,0.009091018056372665
0.6282450711919931,0.29901511418386206,0.00909255682724588,0.009091673386758162,0.009092850937093517,0.009094319018018434,0.009092627985564284,0.00909234669185233,0.00909222317524331,0.009091216602368914
0.012501679225858611,0.012506742186164458,0.012502073821097796,0.012500982297421973,0.012501649490599441,0.8874798634886245,0.012501146980922752,0.012504341529696976,0.012500356060885794,0.012501164918727745
0.014287644499417938,0.8714227254737285,0.014285718938509422,0.014285844007407707,0.01428582992246197,0.0142890674047609,0.014285957592676177,0.014285733958744936,0.014285757528728276,0.014285720673564178
0.014287867942607493,0.014292252982227608,0.014288348233146597,0.01428774456197826,0.014286874264982331,0.8714088544996064,0.014287258512371509,0.014286895952081416,0.014287604152982837,0.014286298898015548
0.012500232589131174,0.01250806217659001,0.01250094427478219,0.012500009531788646,0.012500039184906572,0.012501170810898384,0.01250001039537126,0.88748672755267,0.012501048150960443,0.012501755332901283
0.0125014557765574,0.012507746209590345,0.8874800552679465,0.012500254066415788,0.01250033191761996,0.01250208343485027,0.012501020668603625,0.012503330090056084,0.012500317136160472,0.01250340543219956
